0.397923 0.617114 0.332579 0.65966 1.43321 1.84297 1.85458 0.496709 0.389124 
2.10628 2.13237 2.99222 3.28298 2.42431 2.45763 2.56839 3.14396 3.25447 
1.01458 0.684511 0.656699 0.587796 0.643474 0.928959 1.08254 0.686871 0.487347 
2.61388 2.45205 2.63432 3.20612 3.03996 2.22173 2.76411 2.46538 2.44143 
0.743175 0.674952 0.789554 0.626636 0.816674 0.687617 0.87347 0.722407 0.752428 
2.49111 1.42477 1.18462 1.49246 3.45629 3.73869 1.62725 1.93641 2.88528 
0.567562 0.470672 0.532927 0.331858 0.795054 1.06446 1.6217 1.67897 0.444438 
2.40761 3.17901 4.35545 2.59689 2.12064 2.59501 4.42505 3.78019 2.40502 
0.900277 0.326142 0.246387 0.506308 2.14815 1.33841 1.06911 1.00345 1.95795 
2.61465 2.22423 3.12576 2.33397 2.40188 2.34507 2.66591 2.67575 2.3805 
0.511966 0.312761 0.396631 0.284126 0.489406 0.856186 1.69531 1.21239 0.983301 
0.823352 0.607186 1.05139 0.79788 0.723342 0.748404 0.770672 0.778503 0.718214 
0.769133 0.544282 0.679144 0.566421 0.860329 0.608869 0.766233 0.560683 0.561033 
1.24321 3.01745 4.15506 3.03881 1.1542 0.679258 3.64609 2.15871 3.14284 
1.23821 3.70728 2.20362 1.76539 1.57647 2.28503 3.53464 5.54863 1.81467 
0.627127 0.597303 0.922567 0.498162 0.688077 0.616947 0.693984 1.08899 0.492666 
0.624335 1.49963 1.7611 1.63259 2.2443 0.96206 1.80694 2.4973 2.36557 
2.78979 2.37668 3.5457 2.90624 2.50082 2.40619 3.59127 2.77666 2.66295 
3.13018 2.87863 2.58464 3.05727 2.97644 1.92072 3.16919 4.15806 3.46148 
1.23033 0.738451 0.90597 1.16873 0.907392 0.861245 1.0222 0.72003 1.02741 
2.06108 2.64886 1.96566 2.1354 2.08885 2.47935 2.2805 2.14819 2.07446 
2.50318 2.33616 2.13303 2.51907 2.51335 2.4795 2.31768 2.57163 2.50263 
2.38035 3.66364 2.36701 2.23076 2.17321 2.81712 3.04342 1.64947 1.53054 
2.33129 1.65558 1.62418 0.949991 2.68777 2.39977 1.76303 0.596513 1.62014 
2.41503 2.86034 2.71522 2.20481 2.37835 2.93963 3.2348 1.95292 2.08965 
2.35382 2.25849 2.06156 2.01972 2.28769 2.34095 2.17132 2.03125 2.02049 
1.05084 0.914481 0.843238 0.737854 0.887721 0.612132 1.02488 0.749868 0.643604 
2.384 2.00092 1.71966 2.6631 3.77105 3.74912 5.16622 2.65739 2.08954 
1.11164 0.771092 0.773621 0.537452 0.71955 1.21928 0.869969 0.509482 0.566598 
3.70837 0.680929 1.4085 1.04357 2.0084 0.489397 0.664713 1.79319 0.72818 
0.38873 0.416127 1.08832 0.749115 1.04479 2.00846 0.408395 0.27008 0.239103 
0.984736 0.745792 0.991761 0.673897 1.01114 0.728982 0.873963 0.814719 0.844147 
0.993173 0.615056 0.778239 0.663205 1.21841 0.662719 0.743791 0.663211 0.793292 
0.454874 1.89823 1.77387 0.863739 0.801454 0.405397 0.904936 2.59929 0.859809 
2.49416 2.27596 4.45164 3.48266 1.77653 1.96958 4.22269 3.7298 1.81897 
2.88504 3.01173 2.12811 1.67771 1.9455 3.07565 3.22669 1.49865 2.26571 
3.13064 2.10411 1.84089 2.56256 3.87758 2.48867 1.82053 2.18862 3.49986 
2.36026 2.72002 2.47939 2.3422 2.47331 2.41324 2.5275 2.50602 2.25429 
3.08523 2.52419 4.10132 3.68293 2.8316 2.45438 4.43254 4.52982 3.2097 
2.45944 0.783509 1.79904 2.40087 2.51066 0.905701 1.18518 1.75225 1.93767 
5.24261 10.0454 4.10865 0.120299 0.816516 3.80831 2.91978 0.38472 0.239126 
1.02546 1.09424 1.0622 0.636286 1.46109 1.07514 1.39259 0.977124 0.697699 
1.31707 1.56429 1.37813 1.0991 0.868958 1.21941 1.58797 1.38151 0.433281 
0.804835 2.23383 3.25092 2.40237 3.64517 2.89537 4.86159 2.62376 3.08331 
0.753063 0.483428 0.536159 0.607355 0.883387 0.533781 0.697426 0.676109 0.626296 
3.72497 3.13636 2.12077 1.78876 3.93739 4.60559 3.77948 2.14185 2.47673 
1.88318 2.85865 3.22862 2.51842 2.43597 1.90479 3.89753 3.26892 2.03327 
0.899837 0.689521 1.14181 1.34712 0.322191 0.372343 1.72507 0.871707 1.08519 
0.305068 0.454944 0.758561 1.10416 3.00045 1.36222 0.67255 0.386725 0.344394 
2.51056 2.62849 6.653 2.16457 2.39631 1.66139 2.53141 2.75143 2.08327 
2.27821 2.94817 3.42017 2.68702 2.25909 2.58416 3.32489 3.1463 2.47269 
2.95552 3.40496 4.04882 2.05507 2.69369 2.40493 3.49796 2.78944 3.02555 
0.58819 0.859817 1.10086 0.601302 0.635618 0.814953 1.38801 1.08696 0.482765 
4.55132 7.54516 7.51845 1.58659 1.95829 2.57618 1.95602 1.26312 1.8314 
3.38473 3.05796 1.39486 1.04096 4.7599 2.62124 2.68197 1.21696 1.61757 
2.87347 4.52118 4.26595 2.94234 2.20814 2.82524 3.19668 2.75715 2.31754 
2.05891 4.01129 1.50744 2.1554 2.48878 2.60926 3.4356 3.8845 3.07437 
0.956785 0.804907 1.3293 0.778945 1.13315 0.750231 1.08496 1.07098 0.776694 
3.55142 4.34256 1.24152 2.11327 1.13567 4.98308 4.47507 1.08335 1.56014 
0.762958 2.60134 2.6501 1.32361 1.97592 2.92316 6.17029 4.73216 1.90078 
2.44036 2.58911 2.44792 2.14625 2.24494 2.43456 2.64904 2.25745 2.07196 
1.09905 4.66901 4.76608 0.899196 1.72221 1.31575 7.33195 2.24384 0.775238 
0.909949 1.09958 4.10268 3.23837 2.45161 2.39714 2.6943 3.48251 2.08468 
0.728761 0.428038 0.491078 0.486246 1.10403 0.606144 0.629739 0.445199 0.542857 
21.2635 3.97609 0 0.0150072 0 0 0 0.786003 1.99688 
1.06013 0.416905 0.581251 0.717307 0.673894 0.924783 0.552535 0.44009 1.39043 
12.9164 14.2081 1.63746 0 0 0 0 4.95378 23.2209 
0.856118 0.672791 0.631858 0.500578 0.963568 0.626536 0.777682 0.593884 0.693232 
1.57109 2.41817 4.38368 3.35194 2.57315 1.84447 2.70283 3.71897 2.32364 
1.4635 1.59356 2.11131 2.56606 5.33659 3.18024 1.96697 2.95508 2.63501 
0.64291 0.699079 1.1043 0.971277 0.80577 0.793563 0.965599 1.05855 0.915346 
1.74651 1.54039 3.02469 2.60481 2.00919 1.99271 4.12566 4.41096 2.67682 
2.4315 3.19779 2.23189 1.52858 1.62734 3.21753 2.74147 1.83448 1.71436 
0.633696 0.329081 0.485139 0.414338 0.8066 0.497623 0.528715 0.733467 0.48624 
1.59602 0.847103 1.90726 6.93651 4.15523 3.97568 0.61563 2.46584 2.86504 
2.10132 1.53065 1.83912 2.86507 2.43934 1.54527 1.54686 2.21192 2.70044 
0.497369 0.510325 0.901842 1.46625 0.938103 0.785612 1.44375 0.936141 0.515091 
0.897358 0.660563 1.32919 1.11299 0.998863 0.866753 1.15993 1.11108 1.36946 
1.92721 2.06823 2.94683 3.45621 2.35261 2.21477 2.59273 3.91199 2.78931 
0.69609 1.55736 1.09416 0.405028 0.593527 0.7913 0.987896 0.558987 0.306493 
0.560278 0.400369 1.13879 0.452886 0.582753 0.494075 0.538308 0.70441 0.605754 
2.71977 2.29216 2.82111 2.26635 2.36247 2.68849 2.20002 2.51916 2.13535 
1.46119 0.466446 1.24958 1.68096 4.34648 2.08125 0.295809 1.00889 2.63298 
2.71394 3.48194 2.21493 0.826549 1.34179 1.12298 2.7586 2.15886 0.978296 
1.41402 3.91275 8.8883 4.63409 0.805961 1.18024 0.712706 2.36056 2.02535 
2.39344 1.5239 1.28884 2.22511 2.31111 2.3107 1.54363 1.7197 2.64344 
4.00001 2.51901 1.69965 2.19901 2.79419 4.22114 1.50617 1.25274 2.26657 
0.91894 0.556554 0.942744 0.735941 0.543639 0.449064 0.426809 0.458422 0.470666 
1.04072 0.10481 2.20703 0 0.898952 0.117202 0.586992 0.0630265 0.323308 
0.91911 1.65297 1.17989 0.794329 0.967524 0.525778 0.752076 0.461314 0.636229 
1.30878 1.3468 2.49243 1.54256 0.915135 0.240969 0.2553 0.549576 0.435948 
