213 
170 
219 
174 
220 
187 
207 
168 
212 
173 
205 
211 
196 
184 
179 
214 
199 
110 
169 
216 
176 
171 
180 
189 
168 
169 
225 
150 
202 
219 
210 
219 
199 
172 
146 
156 
154 
169 
101 
193 
183 
205 
175 
98 
204 
110 
110 
210 
208 
99 
137 
148 
220 
103 
182 
121 
140 
191 
145 
157 
153 
179 
141 
205 
191 
210 
187 
205 
90 
128 
164 
127 
143 
210 
160 
146 
190 
162 
130 
193 
200 
138 
165 
161 
116 
157 
145 
199 
254 
174 
164 
