5 
21.4243 
4.47214 
17.2627 
4 
10.8167 
5.19615 
17.5499 
4.79583 
18.5203 
5.38516 
6 
6.78233 
14 
9.16515 
4.47214 
5.74456 
14.9332 
14.4568 
5.83095 
17.8885 
14.1067 
15.6525 
9.21954 
18.9737 
19.6977 
4.24264 
12.0416 
5.47723 
6 
3.60555 
5 
5.38516 
5.09902 
21.8174 
14.8324 
17.6918 
21.4243 
13.9642 
7.93725 
10.4881 
5.56776 
5.74456 
12.1244 
8.06226 
14 
11.0905 
4.79583 
5.56776 
9.59166 
26.1343 
15.1327 
3.87298 
13.6748 
9.84886 
14 
13.3041 
5.83095 
12.9615 
14.8661 
24.1661 
8.18535 
10.0499 
5.74456 
6.48074 
4.47214 
10.9087 
6.55744 
16.3095 
8.88819 
8.60233 
13.6015 
17.8606 
4.3589 
13.1149 
18.3848 
5.91608 
10.1489 
18.9209 
4.47214 
4.69042 
19.2614 
6.85565 
10 
12.1244 
13.3041 
15.0997 
3.74166 
1 
5.74456 
5.19615 
